(-90.0,-180.0)
(-90.0,-165.6)
(-90.0,-151.2)
(-90.0,-136.8)
(-90.0,-122.4)
(-90.0,-108.0)
(-90.0,-93.6)
(-90.0,-79.2)
(-90.0,-64.8)
(-90.0,-50.4)
(-90.0,-36.0)
(-90.0,-21.6)
(-90.0,-7.2)
(-90.0,7.2)
(-90.0,21.6)
(-90.0,36.0)
(-90.0,50.4)
(-90.0,64.8)
(-90.0,79.2)
(-90.0,93.6)
(-90.0,108.0)
(-90.0,122.4)
(-90.0,136.8)
(-90.0,151.2)
(-90.0,165.6)
(-90.0,180.0)
(-75.0,-180.0)
(-75.0,-165.6)
(-75.0,-151.2)
(-75.0,-136.8)
(-75.0,-122.4)
(-75.0,-108.0)
(-75.0,-93.6)
(-75.0,-79.2)
(-75.0,-64.8)
(-75.0,-50.4)
(-75.0,-36.0)
(-75.0,-21.6)
(-75.0,-7.2)
(-75.0,7.2)
(-75.0,21.6)
(-75.0,36.0)
(-75.0,50.4)
(-75.0,64.8)
(-75.0,79.2)
(-75.0,93.6)
(-75.0,108.0)
(-75.0,122.4)
(-75.0,136.8)
(-75.0,151.2)
(-75.0,165.6)
(-75.0,180.0)
(-60.0,-180.0)
(-60.0,-165.6)
(-60.0,-151.2)
(-60.0,-136.8)
(-60.0,-122.4)
(-60.0,-108.0)
(-60.0,-93.6)
(-60.0,-79.2)
(-60.0,-64.8)
(-60.0,-50.4)
(-60.0,-36.0)
(-60.0,-21.6)
(-60.0,-7.2)
(-60.0,7.2)
(-60.0,21.6)
(-60.0,36.0)
(-60.0,50.4)
(-60.0,64.8)
(-60.0,79.2)
(-60.0,93.6)
(-60.0,108.0)
(-60.0,122.4)
(-60.0,136.8)
(-60.0,151.2)
(-60.0,165.6)
(-60.0,180.0)
(-45.0,-180.0)
(-45.0,-165.6)
(-45.0,-151.2)
(-45.0,-136.8)
(-45.0,-122.4)
(-45.0,-108.0)
(-45.0,-93.6)
(-45.0,-79.2)
(-45.0,-64.8)
(-45.0,-50.4)
(-45.0,-36.0)
(-45.0,-21.6)
(-45.0,-7.2)
(-45.0,7.2)
(-45.0,21.6)
(-45.0,36.0)
(-45.0,50.4)
(-45.0,64.8)
(-45.0,79.2)
(-45.0,93.6)
(-45.0,108.0)
(-45.0,122.4)
(-45.0,136.8)
(-45.0,151.2)
(-45.0,165.6)
(-45.0,180.0)
(-30.0,-180.0)
(-30.0,-165.6)
(-30.0,-151.2)
(-30.0,-136.8)
(-30.0,-122.4)
(-30.0,-108.0)
(-30.0,-93.6)
(-30.0,-79.2)
(-30.0,-64.8)
(-30.0,-50.4)
(-30.0,-36.0)
(-30.0,-21.6)
(-30.0,-7.2)
(-30.0,7.2)
(-30.0,21.6)
(-30.0,36.0)
(-30.0,50.4)
(-30.0,64.8)
(-30.0,79.2)
(-30.0,93.6)
(-30.0,108.0)
(-30.0,122.4)
(-30.0,136.8)
(-30.0,151.2)
(-30.0,165.6)
(-30.0,180.0)
(-15.0,-180.0)
(-15.0,-165.6)
(-15.0,-151.2)
(-15.0,-136.8)
(-15.0,-122.4)
(-15.0,-108.0)
(-15.0,-93.6)
(-15.0,-79.2)
(-15.0,-64.8)
(-15.0,-50.4)
(-15.0,-36.0)
(-15.0,-21.6)
(-15.0,-7.2)
(-15.0,7.2)
(-15.0,21.6)
(-15.0,36.0)
(-15.0,50.4)
(-15.0,64.8)
(-15.0,79.2)
(-15.0,93.6)
(-15.0,108.0)
(-15.0,122.4)
(-15.0,136.8)
(-15.0,151.2)
(-15.0,165.6)
(-15.0,180.0)
(0.0,-180.0)
(0.0,-165.6)
(0.0,-151.2)
(0.0,-136.8)
(0.0,-122.4)
(0.0,-108.0)
(0.0,-93.6)
(0.0,-79.2)
(0.0,-64.8)
(0.0,-50.4)
(0.0,-36.0)
(0.0,-21.6)
(0.0,-7.2)
(0.0,7.2)
(0.0,21.6)
(0.0,36.0)
(0.0,50.4)
(0.0,64.8)
(0.0,79.2)
(0.0,93.6)
(0.0,108.0)
(0.0,122.4)
(0.0,136.8)
(0.0,151.2)
(0.0,165.6)
(0.0,180.0)
(15.0,-180.0)
(15.0,-165.6)
(15.0,-151.2)
(15.0,-136.8)
(15.0,-122.4)
(15.0,-108.0)
(15.0,-93.6)
(15.0,-79.2)
(15.0,-64.8)
(15.0,-50.4)
(15.0,-36.0)
(15.0,-21.6)
(15.0,-7.2)
(15.0,7.2)
(15.0,21.6)
(15.0,36.0)
(15.0,50.4)
(15.0,64.8)
(15.0,79.2)
(15.0,93.6)
(15.0,108.0)
(15.0,122.4)
(15.0,136.8)
(15.0,151.2)
(15.0,165.6)
(15.0,180.0)
(30.0,-180.0)
(30.0,-165.6)
(30.0,-151.2)
(30.0,-136.8)
(30.0,-122.4)
(30.0,-108.0)
(30.0,-93.6)
(30.0,-79.2)
(30.0,-64.8)
(30.0,-50.4)
(30.0,-36.0)
(30.0,-21.6)
(30.0,-7.2)
(30.0,7.2)
(30.0,21.6)
(30.0,36.0)
(30.0,50.4)
(30.0,64.8)
(30.0,79.2)
(30.0,93.6)
(30.0,108.0)
(30.0,122.4)
(30.0,136.8)
(30.0,151.2)
(30.0,165.6)
(30.0,180.0)
(45.0,-180.0)
(45.0,-165.6)
(45.0,-151.2)
(45.0,-136.8)
(45.0,-122.4)
(45.0,-108.0)
(45.0,-93.6)
(45.0,-79.2)
(45.0,-64.8)
(45.0,-50.4)
(45.0,-36.0)
(45.0,-21.6)
(45.0,-7.2)
(45.0,7.2)
(45.0,21.6)
(45.0,36.0)
(45.0,50.4)
(45.0,64.8)
(45.0,79.2)
(45.0,93.6)
(45.0,108.0)
(45.0,122.4)
(45.0,136.8)
(45.0,151.2)
(45.0,165.6)
(45.0,180.0)
(60.0,-180.0)
(60.0,-165.6)
(60.0,-151.2)
(60.0,-136.8)
(60.0,-122.4)
(60.0,-108.0)
(60.0,-93.6)
(60.0,-79.2)
(60.0,-64.8)
(60.0,-50.4)
(60.0,-36.0)
(60.0,-21.6)
(60.0,-7.2)
(60.0,7.2)
(60.0,21.6)
(60.0,36.0)
(60.0,50.4)
(60.0,64.8)
(60.0,79.2)
(60.0,93.6)
(60.0,108.0)
(60.0,122.4)
(60.0,136.8)
(60.0,151.2)
(60.0,165.6)
(60.0,180.0)
(75.0,-180.0)
(75.0,-165.6)
(75.0,-151.2)
(75.0,-136.8)
(75.0,-122.4)
(75.0,-108.0)
(75.0,-93.6)
(75.0,-79.2)
(75.0,-64.8)
(75.0,-50.4)
(75.0,-36.0)
(75.0,-21.6)
(75.0,-7.2)
(75.0,7.2)
(75.0,21.6)
(75.0,36.0)
(75.0,50.4)
(75.0,64.8)
(75.0,79.2)
(75.0,93.6)
(75.0,108.0)
(75.0,122.4)
(75.0,136.8)
(75.0,151.2)
(75.0,165.6)
(75.0,180.0)
(90.0,-180.0)
(90.0,-165.6)
(90.0,-151.2)
(90.0,-136.8)
(90.0,-122.4)
(90.0,-108.0)
(90.0,-93.6)
(90.0,-79.2)
(90.0,-64.8)
(90.0,-50.4)
(90.0,-36.0)
(90.0,-21.6)
(90.0,-7.2)
(90.0,7.2)
(90.0,21.6)
(90.0,36.0)
(90.0,50.4)
(90.0,64.8)
(90.0,79.2)
(90.0,93.6)
(90.0,108.0)
(90.0,122.4)
(90.0,136.8)
(90.0,151.2)
(90.0,165.6)
(90.0,180.0)
(0.0,0.0)